	growth_rate
0	37.93674364573901
1	37.24073544109643
2	15.788326083014796
3	54.323463535846315
4	50.36318890288527
5	51.27046085775673
6	14.450716580504645
7	35.709813425777774
8	35.70981342577778
9	13.456206986830912
10	49.50128597502005
11	40.311183923816145
12	44.4618190010317
13	13.085863394910836
14	36.32659934255074
15	35.92460617665806
16	14.669542631017078
17	54.63115975093493
18	49.440248719348055
19	51.20706144367396
20	12.903035322395343
21	0.0
22	0.0
23	0.0
24	47.78280183865924
25	49.59361331806955
26	48.21855318113227
27	0.0
28	7.832274007905028
29	7.832274007905013
30	6.942751014505335
31	16.39170771008665
32	10.066475271377712
33	16.389546983284575
34	3.721939318508783
35	45.519857795910475
36	45.29140314300493
37	25.395265983812067
38	57.12172210702523
39	55.915910131571565
40	56.565586601054704
41	23.641066706553953
42	43.1413217415297
43	43.141321741529815
44	22.129108190238366
45	53.20638731664108
46	49.71464260823366
47	53.20012756449966
48	21.48483182210424
49	43.60766805794751
50	43.523092514075785
51	23.25480836807589
52	57.55586664463498
53	55.18743308045296
54	56.770960116651665
55	21.264325119538842
56	0.0
57	0.0
58	0.0
59	53.012623825891644
60	53.00640958076912
61	53.00640958076938
62	0.0
63	2.3087041170402363
64	2.3087041170401585
65	3.856709494611878
66	18.9758683705289
67	13.169383981960163
68	19.798163362104788
69	0.0
70	15.570055747083918
71	15.904065812752735
72	5.391614630252139
73	25.41363337891866
74	17.728464516997402
75	22.936409599846623
76	2.7864636976840016
77	8.409501247331734
78	8.40950124733176
79	5.109456075004242
80	21.12608098930743
81	11.900612704217554
82	20.4297033405174
83	2.398696729579481
84	14.01405175248495
85	14.170343000954544
86	7.04865160108829
87	31.529386294142704
88	16.793712522562686
89	29.829084657364245
90	7.048651601088294
91	14.014051752484932
92	14.1703430009545
93	7.048651601088293
94	31.52938629414281
95	16.793712522562476
96	29.829084657364152
97	7.048651601088314
98	29.369209121085866
99	29.369209121085788
100	14.740513588675764
101	36.11928064084703
102	35.562936661589156
103	38.0608176169424
104	11.98385676832811
105	29.369209121085905
106	29.369209121085856
107	19.863619086274827
108	36.11928064084702
109	35.56293666158901
110	38.06081761694231
111	16.558852266419905
112	29.3692091210859
113	29.369209121085913
114	19.863619086274852
115	36.11928064084715
116	35.56293666158906
117	38.060817616942415
118	16.5588522664199
119	27.592855972123186
120	27.59285597212295
121	17.407251280315858
122	37.22465827908502
123	35.66586437193254
124	39.33604967652758
125	13.758941342871523
126	30.18144065309521
127	30.181440653095
128	20.963621864242143
129	38.418466824904314
130	35.6658643719326
131	39.33604967652768
132	18.78262936221235
133	4.58173389015523
134	4.581733890155234
135	4.873395966514989
136	8.556379423978452
137	4.581868376828584
138	7.441979350610055
139	0.0
140	45.519857795910575
141	45.29140314300493
142	35.19029026865034
143	58.01270947676004
144	55.91591013157149
145	58.03901647008166
146	29.724344146549573
147	2.5611499801908106
148	2.561149980190795
149	4.025828561950109
150	16.36578480070588
151	9.898754959648713
152	16.010672881023698
153	0.0
154	14.456440957716438
155	14.456440957716415
156	6.489620084679941
157	20.616510630261395
158	16.789310443272896
159	20.613944137315595
160	2.723536585682232
161	14.456440957716396
162	14.456440957716348
163	6.489620084679941
164	20.619453728097145
165	16.789310443272882
166	20.61688650238832
167	2.7235365856822056
168	14.370375305199302
169	14.491978022572368
170	6.942751014505311
171	23.193293821015715
172	15.401344020939673
173	22.354590008743763
174	4.300326859824477
175	4.503652073576955
176	4.53696980753575
177	5.642662148992079
178	5.512533168134333
179	4.490075830098816
180	5.16779777672392
181	3.4211539624891176
182	45.51985779591054
183	45.29140314300496
184	25.395265983812077
185	57.12172210702527
186	55.91591013157141
187	56.56558660105485
188	23.641066706553918
189	22.732789910914907
190	22.732789910914757
191	12.835005267526785
192	36.92628788074688
193	29.22273547255413
194	38.99093874313006
195	10.223398452606826
196	6.476120559462845
197	7.476319755788859
198	6.154515331909864
199	17.090979179777793
200	10.800158612752883
201	16.476563207187347
202	2.706416242336643
203	12.01465380192521
204	14.417650887813013
205	5.97526320662516
206	17.975644656678437
207	11.643969768074315
208	17.973205556844935
209	3.9686234230547015
210	14.860090128289446
211	16.233146445750307
212	9.425974214735536
213	22.43072934251089
214	16.23321000426576
215	22.395994413243496
216	7.752276004687095
217	7.229984033905217
218	7.5853776785300076
219	4.98267212223974
220	13.925802013531687
221	9.0889821133842
222	13.923932289972855
223	1.7410270674027486
224	27.592855972123047
225	27.592855972123044
226	17.407251280316014
227	36.11928064084719
228	34.11439744156098
229	38.06081761694237
230	13.758941342871523
231	43.141321741529666
232	43.141321741529936
233	22.129108190238416
234	53.206387316641006
235	49.714642608233746
236	53.20012756449971
237	21.48483182210436
238	0.8262046527101237
239	0.8262046527101239
240	5.3895999516433
241	0.8262872962919987
242	0.826243797609127
243	0.826243797609129
244	0.23605474435277024
245	0.8072929367715231
246	0.8072929367715123
247	5.176215951549976
248	0.8073718400720471
249	0.8073303100966076
250	0.8073303100966122
251	0.2254902041474441
252	4.941911198801477
253	4.941911198801477
254	4.501515248347208
255	10.424564050601914
256	8.009212766825826
257	10.423256148406365
258	0.0
259	4.981073115040445
260	4.981073115040432
261	4.525278274722224
262	10.50544688926978
263	8.069823664016369
264	10.504118613944991
265	0.0
266	43.14132174153008
267	43.14132174152972
268	32.94008900653016
269	53.20638731664132
270	51.49685243295295
271	53.200127564499724
272	29.13523279394669
273	43.16191614042226
274	43.161916140422214
275	33.55953278540355
276	58.446821858148525
277	56.97252326115685
278	59.246289730785584
279	29.835642191508068
280	43.16191614042211
281	43.161916140422186
282	22.009943164782534
283	57.683629893043175
284	56.972523261156795
285	58.0178690386638
286	22.009943164782527
287	33.85830334765054
288	33.858303347650555
289	15.288158700534542
290	54.04913243762319
291	37.45989549718053
292	51.770231413200094
293	14.985941753586088
294	37.53588671057976
295	37.53588671057989
296	29.01397131474875
297	54.789277866845126
298	42.949472048954014
299	54.78245821670191
300	27.072859525606138
301	41.22217323414895
302	41.22217323414899
303	19.7389292374858
304	58.1857448151769
305	54.36838737902338
306	58.211004927097214
307	19.570013347552305
308	41.22217323414903
309	41.22217323414902
310	31.260221912828136
311	59.406930679392204
312	54.36838737902336
313	59.15624568117841
314	27.435796714073696
315	38.18194147406936
316	38.181941474069404
317	17.350007078606822
318	57.07581684384376
319	54.23378908798908
320	58.01097283896989
321	17.0577529999488
322	38.18194147406935
323	38.18194147406943
324	28.819622463041927
325	58.09986988978396
326	54.23378908798907
327	58.98953123173158
328	25.414472237392793
329	0.0
330	0.0
331	0.0
332	0.5352987194483851
333	0.3358088824995273
334	0.4235163649295475
335	0.0
336	0.0
337	0.0
338	0.0
339	54.60715327889549
340	54.78245821670237
341	54.78245821670233
342	0.0
343	0.0
344	0.0
345	0.0
346	54.78927786684529
347	54.78245821670208
348	54.78245821670216
349	0.0
350	12.008033017694
351	12.00803301769415
352	8.599489299894552
353	20.61945372809704
354	14.449224982839432
355	20.61688650238832
356	2.401492893870276
357	36.90730298876917
358	28.738571381877428
359	24.386581853575205
360	46.22060556655492
361	51.673752798061514
362	52.668648603289064
363	18.315294934730968
364	42.7520608478352
365	35.73352606728196
366	27.01743108510762
367	51.98443561305189
368	54.12286172803887
369	54.95194115321933
370	25.283880878759295
371	37.58080097525527
372	36.06021759752727
373	25.966922344493284
374	52.471743734633314
375	49.00287155016467
376	55.425796599332934
377	23.094928931721526
378	31.177798367014066
379	29.09665623679572
380	20.6082807918871
381	38.79291102763755
382	41.5281132964077
383	42.74524751455258
384	14.473857903963042
385	10.980544229034413
386	11.102751952177137
387	6.359807883531593
388	25.510386811687358
389	15.57966486524078
390	23.94666612381608
391	5.374692270908625
392	15.271874503154615
393	15.271874503154667
394	9.52587480411617
395	30.152530635061204
396	18.26144974367269
397	30.14853217824841
398	8.080765972289887
399	8.821613110402463
400	11.118486537352574
401	6.4052136802117925
402	16.03970004144739
403	9.706711859073165
404	16.037631114432678
405	2.4734721149003596
406	43.60766805794748
407	43.5230925140758
408	23.254808368075885
409	57.55586664463498
410	55.18743308045296
411	56.7709601166517
412	21.264325119538846
413	43.60766805794755
414	43.52309251407578
415	33.10430077499346
416	58.692269147531135
417	55.18743308045288
418	57.99115253746918
419	28.35033924804474
420	14.97717161059586
421	15.464981191168105
422	6.412929828607865
423	30.254784364651623
424	18.453150184658558
425	29.97370796646045
426	5.4195857822924
427	4.610822153324428
428	4.610822153323891
429	5.690924220836292
430	7.321249152281454
431	4.610938721121668
432	6.7112352416511785
433	2.2737023881713028
434	5.301737632226549
435	5.301737632226621
436	4.862942085356029
437	11.16272751361731
438	5.301906084941834
439	11.161384436167783
440	0.0
441	39.91980096453601
442	39.91980096453603
443	20.58177617294862
444	56.87163913271394
445	55.36828267683737
446	56.59904126655002
447	18.748521912290137
448	39.91980096453597
449	39.91980096453592
450	29.404452886874424
451	56.97165565854862
452	55.3682826768373
453	57.86368984801812
454	25.57374075116128
455	0.2349592614180121
456	0.2349592614180112
457	4.6356578472996235
458	0.5352987194483152
459	0.33580888249934754
460	0.4558088504332653
461	0.0
462	0.3358088824995039
463	0.3358088824995055
464	13.951827053533579
465	0.4750843342280381
466	0.33580888249950447
467	0.4235163649295182
468	0.3358088824995052
469	0.4235163649295194
470	0.4235163649295218
471	18.32291938353233
472	0.466341408641534
473	0.42351636492952205
474	0.4235163649295214
475	0.4235163649295214
476	0.0
477	-2.288707153510114e-13
478	0.0
479	0.45180162834408405
480	0.33582824354238844
481	0.4235344412121718
482	0.0
483	7.210415867027279
484	8.217473529568837
485	5.772178182772338
486	16.881714230703587
487	12.44838990919774
488	16.527588987001035
489	2.137426740917453
490	0.0
491	0.0
492	0.0
493	0.48163144192045326
494	0.34148048071030124
495	0.4322704979170597
496	0.0
497	0.0
498	0.0
499	0.0
500	20.968299528555043
501	0.3358088824995065
502	0.4235163649295211
503	0.0
504	1.8414084795240422
505	1.9396690515288812
506	4.229676711937396
507	23.09299020014694
508	7.672297281420979
509	13.473163834440724
510	0.0
511	4.961309214354885
512	6.252149285867749
513	4.567022101747884
514	19.080155897096198
515	8.055540406586829
516	11.557811051155932
517	0.0
518	15.036413696333943
519	15.38707439819092
520	7.107982654540935
521	21.361961726899278
522	16.073426291544653
523	21.35920629259662
524	4.429973502122752
525	3.88469535673333
526	3.8846953567332934
527	4.085546464706524
528	16.365784800706138
529	12.112432694144061
530	16.337310106219142
531	0.0
532	15.036413696334051
533	15.38707439819091
534	12.302245601788655
535	21.36196172689957
536	16.073426291544568
537	21.35920629259659
538	7.4835432408886815
539	15.036413696333986
540	15.387074398190924
541	12.302245601788652
542	21.36196172689942
543	16.073426291544614
544	21.35920629259656
545	7.483543240888655
546	19.6460756132419
547	19.646075613241873
548	12.429106369017147
549	27.076351249367544
550	25.5030134022512
551	27.072807411736093
552	7.645633616452682
553	19.646075613242004
554	19.64607561324197
555	7.163756836219245
556	27.07635124936754
557	25.503013402251387
558	27.07280741173614
559	5.756329178282139
560	11.584014559718206
561	11.584014559718167
562	8.733114647117077
563	20.813951103741672
564	13.61346001736955
565	20.811335220880295
566	6.0412019181263625
567	0.0
568	0.0
569	0.0
570	0.5352987194483586
571	0.3358088824995039
572	0.4235163649295225
573	0.0
574	35.87365607205207
575	29.792221182333016
576	17.13403196355437
577	43.80252296695031
578	45.26065607975401
579	43.057919263725736
580	15.242499044147745
581	-5.755037544689419e-13
582	-5.755037544689419e-13
583	-5.755037544689419e-13
584	42.92686478220873
585	45.1064106515046
586	41.47651149905615
587	0.0
588	0.0
589	0.0
590	0.0
591	43.750740327248195
592	46.58661126008445
593	43.008758040488175
594	0.0
595	0.0
596	0.0
597	0.0
598	43.75074032724817
599	46.486460868151084
600	43.0087580404885
601	0.0
602	0.0
603	0.0
604	0.0
605	42.94867893878609
606	45.29709741348163
607	41.991991825333876
608	0.0
609	0.0
610	0.0
611	0.0
612	53.01262382589181
613	53.00640958076947
614	53.00640958076931
615	0.0
616	0.0
617	0.0
618	0.0
619	0.4903808501798817
620	0.34148048071030207
621	0.43227049791706007
622	0.0
623	0.0
624	0.0
625	0.0
626	53.01262382589164
627	53.006409580769166
628	53.00640958076927
629	0.0
630	4.977290462808366
631	4.977290462808378
632	5.010119279336004
633	9.810649667101401
634	4.977421328870082
635	8.58221285680884
636	0.8404179561663565
637	40.902593321579424
638	40.90259332157947
639	21.007943707739585
640	57.29802217520289
641	54.63250280395382
642	56.37579411079939
643	19.271850574581514
644	40.90259332157937
645	40.90259332157939
646	30.100796724057023
647	58.01550186617123
648	54.63250280395375
649	57.2659890275839
650	26.385812423279624
651	38.62659704435959
652	37.88700153099716
653	17.66202163206945
654	54.64644916009243
655	51.667401618533695
656	51.7832274132761
657	15.76899554390687
658	36.54100046228328
659	36.54100046228329
660	15.499980908692438
661	50.363938860674295
662	42.64101816307579
663	45.80762831604261
664	15.07484674807315
665	37.089608712046726
666	36.722611032278266
667	16.6063604358521
668	54.955974814020884
669	50.75255527601962
670	51.74682182716887
671	14.438390687768448
672	0.0
673	0.0
674	0.0
675	48.64721471195332
676	50.55427074360412
677	48.3011153090817
678	0.0
679	12.739024003459393
680	12.73902400345931
681	9.50376456177007
682	20.391133159746094
683	14.333043750810281
684	20.373089981914166
685	6.237835003977232
686	45.938089860541595
687	45.62808746514879
688	25.672139261179268
689	58.30308560692838
690	57.430815942232265
691	58.02919360428809
692	23.976407399758777
693	43.911656633647
694	43.911656633646835
695	23.450128086908784
696	54.686392812395034
697	50.82413112014884
698	54.59898052731303
699	22.70596487023305
700	44.207016713001025
701	44.080006775923806
702	23.803536755078348
703	58.9515798399403
704	56.908910760875024
705	58.21919580600676
706	21.870598032582063
707	0.0
708	0.0
709	0.0
710	54.487239535838704
711	54.48085243333209
712	54.48085243333219
713	8.858253339412447e-13
714	6.927435933915385
715	6.927435933915321
716	5.762694847946928
717	21.692360542958692
718	17.12743801724827
719	22.777716164278793
720	1.6497286675267508
721	18.93570206806272
722	18.93570206806222
723	7.825560647422716
724	28.881269606273477
725	22.81333622913155
726	26.6411377965339
727	5.041595254748938
728	12.32963905659253
729	12.329639056592358
730	7.512274618939973
731	24.290173545541798
732	15.952820099462015
733	23.525419300085026
734	4.684683639079864
735	17.914804557517268
736	18.328210709840132
737	9.65054260861715
738	34.2937089642157
739	20.866496234780854
740	33.24840563724915
741	9.650542608617105
742	17.914804557517325
743	18.328210709839947
744	9.65054260861707
745	34.29370896421569
746	20.866496234780353
747	33.248405637249164
748	9.650542608616973
749	29.920789014392383
750	29.920789014392547
751	16.25619061414527
752	36.71919804619111
753	36.433755086947784
754	38.66357782725638
755	12.946029130297427
756	29.92078901439247
757	29.920789014392387
758	20.504112956487532
759	36.71919804619125
760	36.433755086948025
761	38.663577827256404
762	16.819370737280053
763	29.920789014392493
764	29.920789014392547
765	20.504112956487983
766	36.719198046191124
767	36.43375508694777
768	38.66357782725638
769	16.81937073728
770	28.35285651220716
771	28.352856512207083
772	18.175105328852187
773	37.88229515088493
774	36.62652408912881
775	40.123597595372765
776	14.518074385814705
777	30.997623478460593
778	30.9976234784605
779	21.622559644795214
780	38.94958730458874
781	36.62652408912878
782	40.12359759537292
783	19.333932511334098
784	9.092714720252442
785	9.15706382162983
786	7.299365202439375
787	15.351850019078146
788	9.157281288115659
789	14.493742756210782
790	2.0446056031445528
791	45.938089860541595
792	45.62808746514874
793	35.53517584103495
794	59.09564948499321
795	57.43081594223238
796	59.502623473314976
797	29.980432690506824
798	8.043635715703402
799	8.043635715703383
800	6.017797603624145
801	19.083337180605007
802	14.069497242375567
803	19.018889642673944
804	1.6850811798525858
805	17.854143457211034
806	17.854143457211023
807	8.73856251030623
808	24.637879611329218
809	21.59355449875474
810	24.63486075377773
811	4.7423625066283
812	17.854143457211073
813	17.854143457211013
814	8.738562510306593
815	24.641428519236733
816	21.59355449875469
817	24.63840879198669
818	4.742362506628166
819	18.91511150275588
820	18.915111502755774
821	9.503764561770408
822	27.748574623252942
823	20.253429955477735
824	26.607766598690663
825	6.6446957640588
826	8.826319340942629
827	8.826319340942723
828	8.048168129028516
829	11.34472079777014
830	8.826521381591379
831	10.545229709147875
832	5.5691172568570755
833	45.938089860541595
834	45.62808746514867
835	25.67213926117927
836	58.3030856069282
837	57.43081594223226
838	58.02919360428815
839	23.976407399758784
840	25.010852834145226
841	25.010852834145197
842	14.564790344012888
843	37.61635145906185
844	31.582095938306885
845	39.542378671611615
846	11.386937139721496
847	10.336873614734372
848	11.247140941359508
849	8.569528671618597
850	19.945535630232655
851	14.757265701881744
852	19.541915061452393
853	4.823553318863074
854	15.984062085594411
855	17.652765984692763
856	8.433620313427202
857	21.177890476820842
858	15.542235949959004
859	21.175062601788262
860	6.332535509756435
861	18.617974704067194
862	19.253235625773947
863	11.923451422724263
864	25.472846209489784
865	19.25331178529709
866	25.343343046284307
867	10.090196698056648
868	11.665324908559418
869	12.145483688673503
870	7.36913355872444
871	17.491640516105218
872	13.271835481427352
873	17.489391343878847
874	3.974229105339175
875	28.352856512207236
876	28.35285651220729
877	18.1751053288521
878	36.71919804619115
879	35.181426440400024
880	38.66357782725593
881	14.518074385814744
882	43.91165663364687
883	43.91165663364686
884	23.450128086908826
885	54.686392812394836
886	50.82413112014885
887	54.598980527313074
888	22.705964870233096
889	6.079020728636636
890	6.346255455374085
891	7.7914910898069625
892	7.188001495788875
893	6.362074892985148
894	6.911674631704338
895	4.669991307063516
896	5.054524827214676
897	5.331519764320925
898	7.5323435212910255
899	6.585586057416939
900	5.468156697067256
901	6.20151651149334
902	3.416224390664496
903	9.234661017401487
904	9.234661017401496
905	6.736428443455763
906	13.839774287928462
907	12.195775597027355
908	13.838086145507642
909	1.8490867054196825
910	9.284558259572394
911	9.28455825957243
912	6.772370233734133
913	13.915738543255705
914	12.260997830880855
915	13.914031819243567
916	1.861873115408814
917	43.91165663364707
918	43.911656633646956
919	33.65914559023974
920	54.686392812395084
921	52.81230458543934
922	54.67995893703196
923	29.806197472209906
924	45.13257302053248
925	45.1325730205325
926	35.23801344733301
927	61.15308393908976
928	60.40641269961175
929	62.53509714715973
930	31.34747549792693
931	45.13257302053248
932	45.13257302053246
933	23.632897045557428
934	60.32990732986796
935	60.406412699611884
936	61.403605033090884
937	23.63289704555744
938	37.96495729108467
939	37.96495729108481
940	17.821875482700474
941	56.834639661393666
942	42.39401814177549
943	55.549365417194466
944	17.46499350323298
945	40.307989758060884
946	40.30798975806087
947	30.848409218369405
948	58.06705185810006
949	47.028544813667615
950	58.059946788754885
951	28.50029322539053
952	43.206539144092226
953	43.206539144092176
954	21.599088358792542
955	60.82116270562262
956	57.874666475322776
957	61.60495825481765
958	21.165828491590233
959	43.20653914409224
960	43.206539144092176
961	32.9056902599586
962	62.10780828551174
963	57.87466647532267
964	62.448491380447614
965	28.904956399251436
966	39.93381149193484
967	39.93381149193483
968	19.08949463704819
969	59.693892914831004
970	57.720134316446874
971	61.379304469091124
972	18.65572565321299
973	39.9338114919348
974	39.933811491934904
975	30.03494114279649
976	60.6917176300606
977	57.72013431644689
978	62.25070715397409
979	26.695693499307335
980	0.0
981	0.0
982	0.0
983	6.036320705557114
984	4.754263677589891
985	5.116498360976505
986	0.0
987	0.0
988	0.0
989	0.0
990	57.08229589052701
991	58.05994678875447
992	58.05994678875459
993	0.0
994	0.0
995	0.0
996	0.0
997	57.428079688018656
998	58.05994678875493
999	58.05994678875488
1000	0.0
1001	16.69427940559078
1002	16.69427940559096
1003	10.765168804658254
1004	24.641428519237056
1005	19.04523293754675
1006	24.638408791986876
1007	4.585032649830843
1008	38.647996953224414
1009	30.168463782067615
1010	25.167846515125692
1011	48.22130010954623
1012	54.557296205871026
1013	55.782044488837045
1014	19.20287395364273
1015	44.76053983255811
1016	36.40612434011856
1017	27.613375374252886
1018	54.258490212603945
1019	57.13367376813222
1020	56.72898019014038
1021	26.102950746030178
1022	38.33327892404698
1023	36.12994601809217
1024	26.110437542462087
1025	52.7237986580815
1026	50.283755994946546
1027	55.82085403032304
1028	23.30049039460103
1029	31.427535422640243
1030	29.34639329242191
1031	20.869114840154406
1032	39.258817321256075
1033	42.56849171681573
1034	43.549943992778545
1035	14.72265292888404
1036	15.420446003478897
1037	15.511485763923051
1038	8.894945334493103
1039	29.00930862013299
1040	19.589955422302534
1041	27.248711362414568
1042	7.897854756805604
1043	19.20757005798834
1044	19.207570057988335
1045	11.841648315656037
1046	32.8473072305896
1047	22.361991154776
1048	32.84302417290303
1049	10.24094122339285
1050	13.106063256111836
1051	15.144121502053968
1052	8.92256353881624
1053	19.555634162402924
1054	13.816510664766792
1055	19.553222907809598
1056	4.836039674145488
1057	44.207016713001074
1058	44.08000677592375
1059	23.80353675507835
1060	58.95157983994041
1061	56.90891076087509
1062	58.2191958060067
1063	21.87059803258205
1064	44.20701671300099
1065	44.0800067759237
1066	33.647870374259746
1067	59.945310344301994
1068	56.908910760875024
1069	59.49351392509533
1070	28.814933929046514
1071	19.12140382820814
1072	19.453353571672093
1073	8.970153459897727
1074	33.13104424268267
1075	22.599714738310496
1076	33.199431526239465
1077	7.964632328633176
1078	9.162150576149077
1079	9.162150576148772
1080	8.232385235786913
1081	14.360170418321848
1082	9.162368284310109
1083	13.281040080187223
1084	4.940552272200874
1085	10.326772062462895
1086	10.53682668815433
1087	7.283527026267964
1088	16.060094407272295
1089	10.537163396717107
1090	16.05807351621319
1091	2.034057269814061
1092	39.95559042335628
1093	39.942941398369186
1094	21.06743078090195
1095	57.46604878337795
1096	56.91790002855609
1097	57.986990200852965
1098	19.076718048887518
1099	39.955590423356284
1100	39.94294139836918
1101	29.40445288687439
1102	57.46604878337801
1103	56.917900028556
1104	59.30902738727275
1105	25.59717979575309
1106	4.315327388921744
1107	4.315327388921751
1108	6.939373347426619
1109	6.036320705557077
1110	4.7542636775898615
1111	5.534785532264383
1112	1.835222976188718
1113	4.754263677589908
1114	4.754263677589964
1115	16.98407418260539
1116	5.321829963863221
1117	4.754263677589861
1118	5.116498360976489
1119	4.754263677589721
1120	5.116498360976482
1121	5.1164983609764905
1122	21.234092278382416
1123	5.2188743829563995
1124	5.116498360976508
1125	5.116498360976502
1126	5.116498360976502
1127	0.0
1128	0.0
1129	0.0
1130	5.048093113968511
1131	4.75456308642295
1132	5.11673131382735
1133	0.0
1134	10.925351894434222
1135	11.93256892257442
1136	8.031722752230515
1137	19.698782648058064
1138	16.443701117301654
1139	19.522865960072313
1140	4.272778901527696
1141	0.0
1142	0.0
1143	0.0
1144	5.41786332648262
1145	4.831605761060936
1146	5.221235614226392
1147	0.0
1148	0.0
1149	0.0
1150	0.0
1151	23.833443389812484
1152	4.754263677589985
1153	5.116498360976505
1154	0.0
1155	6.099057434554421
1156	6.113097056176849
1157	6.325557693810764
1158	25.673188943577255
1159	12.650910911583756
1160	16.946784885044515
1161	1.8694872858148348
1162	9.00480248284457
1163	10.006503203262419
1164	6.835517936550079
1165	21.909130541867253
1166	12.870299778687668
1167	14.98696901621019
1168	1.9658000539434473
1169	19.632997662368794
1170	19.63299766236881
1171	9.732799470292893
1172	25.121173099250978
1173	20.193731783542116
1174	25.11807560092767
1175	6.626464071738425
1176	8.952305354924622
1177	8.952305354924674
1178	6.10792608323409
1179	19.08333718060494
1180	16.201992835822857
1181	19.295776069470843
1182	1.685081179852579
1183	19.63299766236869
1184	19.6329976623687
1185	14.327043578782463
1186	25.121173099250917
1187	20.193731783542226
1188	25.118075600927824
1189	10.19936524002877
1190	19.63299766236874
1191	19.632997662368613
1192	14.32704357878249
1193	25.121173099250996
1194	20.193731783542137
1195	25.11807560092774
1196	10.19936524002877
1197	22.79341527212252
1198	22.793415272122385
1199	14.551596066393937
1200	31.158586288124273
1201	29.742269131164342
1202	31.15468529241864
1203	10.070739554107844
1204	22.793415272122292
1205	22.793415272122328
1206	9.810140865704989
1207	31.158586288124436
1208	29.742269131164406
1209	31.15468529241866
1210	8.192181304289221
1211	16.482100074314666
1212	16.48210007431479
1213	11.204240582593465
1214	24.818908533571186
1215	18.124550117111276
1216	24.815885122150764
1217	8.328430914240572
1218	0.0
1219	0.0
1220	0.0
1221	6.036320705557164
1222	4.75426367758986
1223	5.116498360976503
1224	0.0
1225	36.28601988102686
1226	30.071587831177634
1227	18.38471264636458
1228	44.05304857123389
1229	45.75474261703182
1230	43.313307103079275
1231	15.980337159068934
1232	0.0
1233	0.0
1234	0.0
1235	43.28735213277744
1236	45.41814203581313
1237	42.30150736208531
1238	0.0
1239	0.0
1240	0.0
1241	0.0
1242	44.00096976418289
1243	46.824586927184974
1244	43.26385429170229
1245	-1.7521789059659621e-13
1246	-3.9188414889101986e-13
1247	-3.9188414889101986e-13
1248	-3.9188414889101986e-13
1249	44.00096976418278
1250	46.71498743559746
1251	43.263854291702074
1252	0.0
1253	3.685138794390072e-13
1254	3.685138794390072e-13
1255	3.685138794390072e-13
1256	43.45672016090218
1257	45.64052723891417
1258	42.953196629565774
1259	0.0
1260	0.0
1261	0.0
1262	0.0
1263	54.48723953583837
1264	54.480852433331904
1265	54.480852433331904
1266	0.0
1267	0.0
1268	0.0
1269	0.0
1270	5.521970935820437
1271	4.831605761061103
1272	5.2212356142263845
1273	0.0
1274	0.0
1275	0.0
1276	0.0
1277	54.48723953583828
1278	54.48085243333226
1279	54.480852433332146
1280	0.0
1281	9.613188984347797
1282	9.613188984347808
1283	7.454660917771407
1284	15.78699047312712
1285	9.613446371843871
1286	15.39547721620253
1287	3.080944481780566
1288	41.00830867607089
1289	40.93730399393665
1290	21.503654310146082
1291	58.17608796535048
1292	56.33369821964625
1293	57.69563995096918
1294	19.51783855153063
1295	41.00830867607085
1296	40.93730399393663
1297	30.10079672405701
1298	58.36241420817058
1299	56.33369821964637
1300	58.33393181023269
1301	26.64526790593767
1302	37.936743645738986
1303	37.24073544109643
1304	15.788326083014809
1305	54.323463535846365
1306	50.12812762874651
1307	51.123601514090836
1308	14.450716580504643
1309	36.653705082152214
1310	36.65370508215233
1311	14.109962764592836
1312	50.54838743894611
1313	40.59433787695355
1314	45.087717329314415
1315	13.751166581279383
1316	36.477308120797176
1317	36.0837519983263
1318	14.746098430173095
1319	54.75567219178451
1320	49.409718731438
1321	51.23898283651628
1322	12.969894840988868
1323	4.93133899464177
1324	4.93133899464177
1325	4.93133899464177
1326	49.00958231589383
1327	49.881284490021216
1328	49.36011887232116
1329	4.9313389946420045
1330	8.745763473225338
1331	8.745763473225342
1332	7.6842299434462635
1333	17.735639780332782
1334	11.019063543138442
1335	17.733201912067653
1336	4.502985524501763
1337	45.519857795910454
1338	45.291403143005034
1339	25.395265983812084
1340	57.02508108809646
1341	55.80541111949966
1342	56.4428007786358
1343	23.641066706553943
1344	44.41297061517103
1345	44.412970615170934
1346	22.947697884537646
1347	54.6040118338514
1348	49.86759826767712
1349	54.0937459333543
1350	22.428301977758053
1351	43.74243923546657
1352	43.691969166754426
1353	23.28341307079459
1354	57.83291832759829
1355	55.52751694544176
1356	57.03983563923583
1357	21.27522294330418
1358	4.931338994642
1359	4.93133899464197
1360	4.931338994641982
1361	54.40490637908113
1362	54.39852084082968
1363	54.39852084082939
1364	4.931338994642061
1365	3.073252722129362
1366	3.0732527221293564
1367	5.19989245842122
1368	20.60392243603326
1369	14.162600226951032
1370	21.259774958161163
1371	0.3361109892644554
1372	16.904307482938325
1373	17.48091650448822
1374	6.154790974047503
1375	26.920792463572408
1376	18.811040411263704
1377	24.349517463685384
1378	3.369133699548236
1379	9.169264548829425
1380	9.169264548829437
1381	5.86919944211829
1382	22.37573927918857
1383	12.89431678125836
1384	21.70091558389065
1385	2.960122026915189
1386	14.897159043180778
1387	15.058398965614916
1388	7.807445293149001
1389	33.193056034995756
1390	17.821382113040535
1391	31.22815315617922
1392	7.807445293149005
1393	14.897159043180856
1394	15.058398965614941
1395	7.807445293149003
1396	33.1930560349958
1397	17.821382113040467
1398	31.22815315617946
1399	7.80744529314901
1400	30.895414517408483
1401	30.89541451740828
1402	15.441386235106929
1403	37.57252911146395
1404	36.69754553187853
1405	39.37500438944957
1406	12.683180526260706
1407	30.895414517408287
1408	30.895414517408597
1409	21.033248428741793
1410	37.57252911146396
1411	36.69754553187854
1412	39.37500438944957
1413	17.598523131732897
1414	30.8954145174084
1415	30.89541451740853
1416	21.033248428741864
1417	37.57252911146396
1418	36.69754553187851
1419	39.37500438944969
1420	17.598523131732954
1421	28.93380865332148
1422	28.933808653321393
1423	18.39592733626358
1424	38.717361460059315
1425	36.792695520737276
1426	40.69368814375259
1427	14.52345781933417
1428	31.680804203691384
1429	31.680804203691633
1430	22.088494299806012
1431	39.891064807248775
1432	36.792695520737425
1433	40.693688143752595
1434	19.90552657733044
1435	4.989840493466348
1436	4.989840493466281
1437	5.316322379703587
1438	8.917981155921828
1439	4.989987905803004
1440	7.651074716662837
1441	0.3361109892645126
1442	45.702109454911934
1443	45.452891747967385
1444	35.19029026865019
1445	58.20609162108739
1446	56.11433308873253
1447	58.19127088988112
1448	29.807350014720374
1449	3.3066412507168335
1450	3.306641250716839
1451	5.226527421727088
1452	17.81765202904261
1453	10.65697158752608
1454	17.27729566565767
1455	0.3361109892647929
1456	15.884045299078574
1457	15.884045299078656
1458	7.325089243529565
1459	22.320106091360355
1460	17.888163549317444
1461	22.31719465664533
1462	3.4647039756985576
1463	15.884045299078611
1464	15.88404529907864
1465	7.325089243529551
1466	22.32332981515596
1467	17.888163549317387
1468	22.320532484361166
1469	3.46470397569854
1470	15.398881013600432
1471	15.548535415516264
1472	7.684229943446265
1473	24.54253784360425
1474	16.447324053404714
1475	23.778947047305667
1476	5.068050119018696
1477	5.1192055681612425
1478	5.119205568161279
1479	6.397468586015572
1480	6.175412009106283
1481	5.119327141589904
1482	5.832200320917608
1483	4.01809244333474
1484	45.565420710660796
1485	45.41842701671859
1486	25.39526598381208
1487	57.2919943784711
1488	56.114333088732494
1489	56.71784102085415
1490	23.64106670655392
1491	23.751891771933906
1492	23.75189177193386
1493	13.482714470251643
1494	38.422137800931786
1495	29.957037133036334
1496	40.30375192886552
1497	10.858849038978986
1498	7.260753331456846
1499	8.252886565953242
1500	7.0005936169736716
1501	18.609392932656725
1502	11.653212406229164
1503	17.788774124452758
1504	3.4350524890901846
1505	12.951725414631378
1506	15.273325258194392
1507	6.718849781696856
1508	19.21444979292275
1509	12.552025398990128
1510	19.21173500491396
1511	4.640840487035456
1512	15.965597227717863
1513	17.129545074866463
1514	10.380610456440655
1515	23.993892120840325
1516	17.12961418553894
1517	23.43477892228224
1518	8.692619220290858
1519	8.072300341139444
1520	8.406264096313475
1521	5.7117030553399255
1522	15.149054050505576
1523	10.035526070831297
1524	15.146936891511091
1525	2.3588095318262035
1526	28.93380865332136
1527	28.933808653321208
1528	18.3959273362636
1529	37.57252911146398
1530	35.18974339404769
1531	39.37500438944956
1532	14.523457819334235
1533	44.41297061517095
1534	44.41297061517098
1535	22.947697884537625
1536	54.60401183385121
1537	49.86759826767702
1538	54.09374593335409
1539	22.42830197775777
1540	1.7704385415217145
1541	1.7704385415217008
1542	6.1338604723399035
1543	1.770615634911416
1544	1.7705224234481298
1545	1.7705224234481263
1546	1.770410582645582
1547	1.7156482848625159
1548	1.7166402095152602
1549	5.922794195582444
1550	1.7222766608718814
1551	1.7160479097951922
1552	1.7198815120027935
1553	1.6839992651307656
1554	5.822060552909806
1555	5.822060552909439
1556	5.320848889629973
1557	11.650734933446163
1558	8.980283094255803
1559	11.649202719313195
1560	0.3411895187752753
1561	5.869701040924818
1562	5.869701040924806
1563	5.350988932852381
1564	11.745525629622936
1565	9.0506828854613
1566	11.743968383459755
1567	0.34370109058992054
1568	44.55325089569736
1569	44.55325089569747
1570	34.22931522137367
1571	54.604011833851565
1572	52.27207628060675
1573	54.597579474572726
1574	30.365593054986018
1575	43.5385645711509
1576	43.53856457115113
1577	33.80594650711928
1578	58.89569606165099
1579	57.42651142416359
1580	59.698454031774766
1581	30.07908824865959
1582	43.40562983089373
1583	43.40562983089381
1584	22.05895707881275
1585	58.110161325633555
1586	57.4265114241636
1587	58.43929040042452
1588	22.058957078812615
1589	34.463380375270106
1590	34.46338037526996
1591	15.917949914259143
1592	55.552925129633074
1593	37.851808256565754
1594	52.221808106876296
1595	15.594297191210947
1596	38.74770740842062
1597	38.74770740842061
1598	30.204000918264363
1599	56.39018208566562
1600	43.839200338404474
1601	56.38315458428583
1602	28.45267607899783
1603	41.59640885983273
1604	41.59640885983289
1605	19.87358961268845
1606	58.69952925083366
1607	55.01375143261982
1608	58.74728369104959
1609	19.667532469823236
1610	41.734251052883586
1611	41.734251052883515
1612	31.615573808954636
1613	59.955825763488576
1614	55.01375143261994
1615	59.73724523975214
1616	27.77468934982754
1617	38.64644585352606
1618	38.64644585352635
1619	17.59260274444021
1620	57.59477022935534
1621	54.75493327116092
1622	58.53024223224649
1623	17.301839451523133
1624	38.77385276903458
1625	38.773852769034505
1626	29.20678545961587
1627	58.67478491282621
1628	54.75493327116089
1629	59.55219355400208
1630	25.835068105776408
1631	1.05322689438081
1632	1.0532268943807952
1633	4.629276432983272
1634	1.2935365009053463
1635	1.0559079682059385
1636	1.2061387683926421
1637	0.3361109892645739
1638	4.931338994642012
1639	4.931338994641961
1640	4.931338994642035
1641	56.270396717289536
1642	56.38315458428555
1643	56.38315458428552
1644	4.931338994642157
1645	4.931338994641144
1646	4.931338994642095
1647	4.931338994642095
1648	56.39018208566549
1649	56.38315458428557
1650	56.38315458428562
1651	4.931338994642042
1652	13.301989662968946
1653	13.30198966296892
1654	9.713566473204022
1655	22.323329815155923
1656	15.514647401333546
1657	22.320532484361173
1658	3.171270728744935
1659	38.72054759796192
1660	30.815238755245563
1661	26.189831954878933
1662	48.199383246098755
1663	53.09607370866887
1664	54.1005113291993
1665	20.064320016640274
1666	44.453051915437996
1667	37.286114877400045
1668	28.61942784079805
1669	53.68241998301267
1670	55.461582084412896
1671	56.23309625830268
1672	26.8479580651275
1673	38.95144269650768
1674	37.39202669912006
1675	27.14501737021656
1676	54.01808094932009
1677	49.58596848298638
1678	56.606056380181606
1679	24.574975778833288
1680	32.76939940132571
1681	30.678994300482614
1682	22.209961281685466
1683	40.7035931997784
1684	42.67200079109754
1685	44.09934139139206
1686	15.619621546742026
1687	11.771381029952057
1688	11.868532230955914
1689	7.102984144329404
1690	26.666536327317633
1691	16.53925532093487
1692	25.285498854869317
1693	6.054196514184924
1694	16.1668194889862
1695	16.16681948898621
1696	10.52071441314063
1697	31.754208967334097
1698	19.281129672125658
1699	31.749980094113315
1700	9.133183298990314
1701	9.868649613852414
1702	12.038767812047578
1703	7.167984622851421
1704	17.42816006590327
1705	10.662679334549273
1706	17.425820947689978
1707	3.2744636706389674
1708	43.74243923546657
1709	43.69196916675443
1710	23.28341307079463
1711	57.83291832759835
1712	55.52751694544169
1713	57.039835639235825
1714	21.27522294330421
1715	43.88827896485949
1716	43.781082618968476
1717	33.20346973747931
1718	58.987782784527155
1719	55.52751694544174
1720	58.31940367472641
1721	28.474869416618965
1722	15.848598251207434
1723	16.363857865931312
1724	7.178092281259846
1725	31.817475472399025
1726	19.540837628910296
1727	31.14408422261757
1728	6.118214596099633
1729	5.052390682009998
1730	5.052390682009999
1731	6.129474435806154
1732	7.67593331627416
1733	5.052518880766713
1734	6.972108152393265
1735	2.8432828567123543
1736	5.741419297396054
1737	5.741419297396039
1738	5.324533201734531
1739	11.66539188611876
1740	5.741603038275638
1741	11.584167163822103
1742	0.33611098926446065
1743	40.110678078244234
1744	40.11067807824418
1745	20.71961025473971
1746	57.184426139633466
1747	55.68111622671459
1748	56.850839509863626
1749	18.86443815542038
1750	40.21208154490158
1751	40.21208154490174
1752	29.481282189654003
1753	57.2752347722597
1754	55.68111622671465
1755	58.174881645378406
1756	25.68815705357555
1757	1.053226894380662
1758	1.053226894380809
1759	5.361962383922948
1760	1.2935365009053543
1761	1.0559079682059171
1762	1.2061387683926446
1763	0.3361109892644577
1764	1.0559079682059143
1765	1.0559079682058814
1766	14.8220641658068
1767	1.2935365009054458
1768	1.055907968205927
1769	1.2061387683926916
1770	1.0559079682059276
1771	1.2061387683926441
1772	1.2061387683926434
1773	19.802742123437486
1774	1.2935365009053472
1775	1.2061387683926457
1776	1.206138768392647
1777	1.206138768392647
1778	1.053310601381372
1779	1.0533106013813704
1780	4.629276432983267
1781	1.2935701883982103
1782	1.0559773500701697
1783	1.2061924820095309
1784	0.5913732942036465
1785	8.302924982598535
1786	9.393066064374917
1787	6.768275356418929
1788	18.3690654371059
1789	13.438384132051535
1790	17.8610494174816
1791	2.982817195219864
1792	1.0668765668299793
1793	1.0668765668299778
1794	4.931338994641951
1795	1.3172042945147202
1796	1.0720221407121202
1797	1.2279150175159186
1798	0.34288621688629184
1799	1.0532268943808125
1800	1.0532268943807932
1801	4.629276432983283
1802	22.682330490422313
1803	1.055907968205928
1804	1.2061387683926494
1805	0.3361109892644612
1806	2.664336067216963
1807	2.7629912663436564
1808	5.389885584294292
1809	24.910177089174812
1810	8.46816351839508
1811	14.72356212023712
1812	0.3529670229798641
1813	5.83031302158194
1814	7.0259025850432595
1815	5.435588291676849
1816	20.643334008370584
1817	8.845557958421717
1818	12.720449995486002
1819	0.3626654802658832
1820	16.250952519912808
1821	16.533025404180968
1822	7.784620282881187
1823	22.90322792389677
1824	17.095524077371063
1825	22.900262484717047
1826	5.093773178650443
1827	4.593591599602958
1828	4.593591599602967
1829	5.235967033872742
1830	17.817652029042826
1831	12.905134222840953
1832	17.633546447312778
1833	0.3361109892644594
1834	16.25095251991314
1835	16.53302540418094
1836	13.446786840932115
1837	22.903227923896956
1838	17.095524077371074
1839	22.90026248471696
1840	8.580464086162324
1841	16.25095251991308
1842	16.53302540418077
1843	13.446786840932774
1844	22.90322792389639
1845	17.095524077370992
1846	22.90026248471705
1847	8.580464086162385
1848	21.34647322776605
1849	21.346473227766065
1850	13.67931433819984
1851	28.69918023188488
1852	26.95632949895236
1853	28.695411823391606
1854	8.774633756733488
1855	21.346473227766356
1856	21.346473227766086
1857	7.8879769012535
1858	28.699180231884917
1859	26.9563294989528
1860	28.69541182339164
1861	6.630057614069101
1862	12.549324011681822
1863	12.549324011681806
1864	9.527521889641656
1865	22.534800131229538
1866	14.680995697321931
1867	22.531955859480004
1868	6.785554146973235
1869	1.0532268943808114
1870	1.0532268943808032
1871	4.629276432981999
1872	1.29353650090535
1873	1.0559079682059258
1874	1.206138768392641
1875	0.3361109892644654
1876	37.41012859750164
1877	31.578613671288267
1878	18.045484959427572
1879	45.24369657878778
1880	46.243850353485605
1881	44.30330187564547
1882	16.153792918272213
1883	4.931338994640275
1884	4.931338994638082
1885	4.931338994638082
1886	44.5207855573818
1887	46.188323520819274
1888	42.805244027798715
1889	4.931338994642081
1890	4.931338994637744
1891	4.931338994642034
1892	4.931338994642034
1893	45.19013537877519
1894	47.77383000714703
1895	44.25265039888257
1896	4.931338994642135
1897	4.931338994642
1898	4.931338994641927
1899	4.9313389946428074
1900	45.190135378775416
1901	47.639598541284506
1902	44.25265039888225
1903	4.931338994642047
1904	4.9313389946422
1905	4.9313389946413295
1906	4.9313389946413295
1907	44.61317040355837
1908	46.37767596129517
1909	43.28747466241542
1910	4.931338994642938
1911	4.931338994643725
1912	4.931338994641933
1913	4.931338994641933
1914	54.40490637908079
1915	54.39852084082962
1916	54.39852084082957
1917	4.93133899464202
1918	1.0668765668299318
1919	1.0668765668299771
1920	4.931338994641926
1921	1.3172042945151456
1922	1.0720221407122066
1923	1.2279150175159228
1924	0.34288621688629567
1925	4.931338994641952
1926	4.931338994641978
1927	4.931338994642049
1928	54.404906379080785
1929	54.39852084082974
1930	54.39852084082939
1931	4.9313389946420845
1932	5.432466320179966
1933	5.432466320179966
1934	5.491387622619073
1935	10.206940378308751
1936	5.432610450099282
1937	8.854933165737743
1938	1.23478810109518
1939	41.213875754804896
1940	41.21387575480491
1941	21.208097345620583
1942	57.79894234677353
1943	55.19360979487851
1944	56.85673172543679
1945	19.422835813255602
1946	41.35825492293603
1947	41.358254922935984
1948	30.258636397195367
1949	58.53789311816938
1950	55.19360979487857
1951	57.78339073609451
1952	26.683234956581074
1953	38.55124317883644
1954	37.86232389736193
1955	16.092770125599234
1956	54.929680473296614
1957	50.139042477231285
1958	51.42039790098484
1959	14.768143772555492
1960	35.70981342577773
1961	35.709813425777654
1962	13.456206986830917
1963	49.49274485734029
1964	40.09986922737171
1965	44.28765544261858
1966	13.085863394910904
1967	36.910361831433185
1968	36.509140939594985
1969	14.925068149015633
1970	55.24227731001196
1971	49.24347148813728
1972	51.2867976102154
1973	13.173170447886099
1974	0.9862677989282177
1975	0.9862677989284401
1976	0.9862677989284401
1977	47.893529317152606
1978	49.460866654379835
1979	48.39721947791177
1980	0.986267798928613
1981	8.414407614853701
1982	8.414407614853724
1983	7.343535563971682
1984	17.13692580935113
1985	10.731433333568527
1986	17.134642444862738
1987	4.376597503811587
1988	46.246780322538086
1989	46.1136466287368
1990	25.748435841797054
1991	57.826400565730275
1992	56.63410651024234
1993	57.228300310795106
1994	24.089991028693714
1995	43.141321741531534
1996	43.141321741530064
1997	22.12910819023834
1998	53.092540740044825
1999	49.51406788965098
2000	53.08629438199731
2001	21.484831822104344
2002	44.231772270979754
2003	44.20190940711552
2004	23.538148559528423
2005	58.25574738436433
2006	55.84412091047343
2007	57.431600274025044
2008	21.601564304133625
2009	0.9862677989283986
2010	0.9862677989322084
2011	0.9862677989322084
2012	53.396131610968624
2013	53.38984953533723
2014	53.38984953533771
2015	0.9862677989283753
2016	2.844190422065854
2017	2.844190422065504
2018	4.463324972264863
2019	19.688867897465407
2020	13.776888642538347
2021	20.421729893512325
2022	0.3393659972777847
2023	16.48168102442253
2024	16.782647360219528
2025	5.88370155661425
2026	26.095061802643162
2027	18.426133682810235
2028	23.56149429373604
2029	3.225627082932766
2030	8.901452895969618
2031	8.901452895969191
2032	5.613602730510191
2033	21.621532424120574
2034	12.527292519242872
2035	20.902577347023342
2036	2.8353433499579848
2037	14.524882034526899
2038	14.692837253825974
2039	7.458022564041651
2040	32.21054600635666
2041	17.37513581831447
2042	30.455137159063995
2043	7.458022564041623
2044	14.524882034526696
2045	14.692837253826045
2046	7.458022564041969
2047	32.21054600635744
2048	17.375135818314547
2049	30.455137159064343
2050	7.4580225640416185
2051	30.10200251396035
2052	30.102002513960333
2053	14.877855054331052
2054	36.76133018120551
2055	36.01328804820767
2056	38.619996570811125
2057	12.216729004140612
2058	30.102002513960365
2059	30.102002513960453
2060	20.19030279980521
2061	36.76133018120539
2062	36.01328804820776
2063	38.61999657081116
2064	16.961886765490927
2065	30.102002513960453
2066	30.102002513960695
2067	20.190302799805167
2068	36.76133018120522
2069	36.013288048207606
2070	38.61999657081116
2071	16.96188676549099
2072	28.157054597762684
2073	28.15705459776264
2074	17.661172345451845
2075	37.87783213781594
2076	36.113176842215715
2077	39.92724699973658
2078	13.992158833785842
2079	30.936113962786795
2080	30.936113962786543
2081	21.282094725190312
2082	39.058417734642944
2083	36.11317684221588
2084	39.927246999736575
2085	19.2042937095039
2086	5.04965411168343
2087	5.04965411168351
2088	5.422994543810063
2089	9.00144826516721
2090	5.049805812655263
2091	7.713940297976309
2092	0.37378730849713
2093	46.38407155455155
2094	46.14826457767006
2095	35.783058011394594
2096	58.78459811191034
2097	56.63410651024228
2098	58.70756148480776
2099	30.53452413377533
2100	3.0911355835728718
2101	3.091135583572853
2102	4.610734425481596
2103	17.039707171288107
2104	10.384121502054919
2105	16.612392543238332
2106	0.3393659972777086
2107	15.333088576808471
2108	15.333088576808452
2109	7.018727884483777
2110	21.488597117099456
2111	17.50783236891392
2112	21.485885476862183
2113	3.3465128742478236
2114	15.333088576808459
2115	15.333088576808526
2116	7.018727884483759
2117	21.49170667237757
2118	17.5078323689139
2119	21.48899424734489
2120	3.346512874247774
2121	15.123454672872121
2122	15.248115001628983
2123	7.343535563971868
2124	23.912768264642818
2125	16.08419809405004
2126	23.113866227034638
2127	4.907368413723094
2128	4.978754086441168
2129	4.979431009560693
2130	6.128589081433346
2131	5.919558227991087
2132	4.953653229359333
2133	5.582965890940392
2134	3.8860292832878014
2135	46.246780322538
2136	46.113646628736774
2137	25.74843584179704
2138	57.82640056573022
2139	56.63410651024227
2140	57.22830031079506
2141	24.089991028693774
2142	23.199089263210556
2143	23.199089263210467
2144	12.977946008979856
2145	37.582348216317314
2146	29.564181111216183
2147	39.54769511032066
2148	10.456161846963619
2149	7.038497472105545
2150	7.977666536180926
2151	6.702355397709517
2152	17.78644450921855
2153	11.341445345598826
2154	17.09317530788974
2155	3.2949344286732636
2156	12.602186124819543
2157	14.875506903802657
2158	6.423352941602798
2159	18.537316684907008
2160	12.212124856867936
2161	18.534781662501956
2162	4.4379523252071325
2163	15.486521207959429
2164	16.68754707362859
2165	9.959921390883096
2166	23.131871143142348
2167	16.687612721529987
2168	22.846846215890633
2169	8.325140694530303
2170	7.925650981980041
2171	8.240448048131778
2172	5.491104097482602
2173	14.713117871994434
2174	9.836287359144448
2175	14.711116992740125
2176	2.297260429714203
2177	28.157054597762613
2178	28.157054597762567
2179	17.66117234545186
2180	36.76133018120541
2181	34.56719325070577
2182	38.61999657081127
2183	13.992158833785785
2184	43.15072432302185
2185	43.150724323021656
2186	22.129108190238274
2187	53.39589278072935
2188	49.51406788965096
2189	53.36639049026005
2190	21.484831822104283
2191	1.1802923610144984
2192	1.180292361014524
2193	5.8203354207200055
2194	1.1804104232742971
2195	1.1803482822986238
2196	1.1803482822987623
2197	1.1802737217638597
2198	1.1802923610144225
2199	1.1802923610144096
2200	5.6764866348903364
2201	1.1804104232742174
2202	1.1803482822987055
2203	1.180348282298645
2204	1.1802737217638517
2205	5.53749931674167
2206	5.537499316741663
2207	5.027909389644552
2208	11.163075229316467
2209	8.722421553027877
2210	11.161655364849832
2211	0.34198702077757087
2212	5.582096010177547
2213	5.582096010177548
2214	5.055147820258172
2215	11.250891545570227
2216	8.789235365058552
2217	11.24944925544638
2218	0.3444051501972501
2219	43.284093980075866
2220	43.2840939800758
2221	32.94733498608304
2222	53.395892780729426
2223	51.607921656622416
2224	53.38960182031902
2225	29.1415827709427
2226	44.20788680922831
2227	44.20788680922832
2228	34.40332574904871
2229	59.447168717642235
2230	57.943392818148794
2231	60.212381679290054
2232	30.71867880541285
2233	44.07433563590202
2234	44.074335635901924
2235	22.483917934806765
2236	58.66996164322333
2237	57.94339281814867
2238	58.940463574945355
2239	22.483917934806826
2240	34.143671616027085
2241	34.143671616026964
2242	15.428024748284848
2243	54.65831419734343
2244	37.60667567350052
2245	51.844163977182546
2246	15.121563808275123
2247	38.08299667344043
2248	38.082996673440334
2249	29.291396671708902
2250	55.42170029517879
2251	43.49050066753416
2252	55.41477760928709
2253	27.39083153783376
2254	42.053466355486336
2255	42.05346635548626
2256	20.12667634825725
2257	59.1378641769605
2258	55.0649569345307
2259	59.132107487239416
2260	19.94718789401156
2261	42.19167813025351
2262	42.191678130253706
2263	32.017785719075476
2264	60.388818194202024
2265	55.06495693453071
2266	60.120790961069474
2267	28.20684938510621
2268	39.15409780663391
2269	39.15409780663384
2270	17.91775877005362
2271	58.01010111322866
2272	54.93338567217284
2273	58.91727245588359
2274	17.632563379603805
2275	39.2820708456835
2276	39.282070845683464
2277	29.67514235778891
2278	59.087933441669456
2279	54.933385672172705
2280	59.944591651630084
2281	26.292194911315963
2282	0.6621524814142891
2283	0.662152481414294
2284	0.9862677989283981
2285	0.8837384304534897
2286	0.7185324940722715
2287	0.8190911461540952
2288	0.3393659972780161
2289	0.9862677989283524
2290	0.986267798928432
2291	0.9862677989108182
2292	55.2099620593971
2293	55.4147776092872
2294	55.414777609287356
2295	0.9862677989286789
2296	0.986267798928551
2297	0.9862677989283984
2298	0.9862677989291313
2299	55.421700295179434
2300	55.41477760928723
2301	55.41477760928728
2302	0.9862677989284027
2303	12.73730487613675
2304	12.737304876136879
2305	9.256848672376176
2306	21.49170667237755
2307	15.166949022817136
2308	21.488994247344984
2309	3.0369708920393226
2310	37.93191544742496
2311	29.886479490925765
2312	24.98749770793527
2313	47.30780949573837
2314	52.501628854268965
2315	53.488676390004244
2316	19.140566401633254
2317	43.82062635364535
2318	36.5256807363086
2319	27.644291408259292
2320	52.98759950688128
2321	54.994944130735924
2322	55.76539930819785
2323	26.17706420778778
2324	38.204659087732104
2325	36.58086523156671
2326	26.22260808746977
2327	53.19107059239009
2328	49.24640302994609
2329	55.94266655693874
2330	23.7346712853431
2331	31.930145898420243
2332	29.834472668508027
2333	21.117854656678578
2334	39.805268266756876
2335	42.07203063972618
2336	43.31161657940039
2337	14.976773258319161
2338	11.452898851882644
2339	11.556050734056313
2340	6.80222327580272
2341	25.99783566438582
2342	16.16462084035045
2343	24.551585340787643
2344	5.7948695373530965
2345	15.765987710841763
2346	15.765987710841843
2347	10.10152727362497
2348	30.834269474600795
2349	18.832915429598934
2350	30.830164733519464
2351	8.691110084915778
2352	9.587469291426503
2353	11.778408566665515
2354	6.910110341603294
2355	16.878871335057756
2356	10.452419182057852
2357	16.876663298782017
2358	3.1314750669438225
2359	44.23177227097972
2360	44.20190940711552
2361	23.538148559528448
2362	58.25574738436435
2363	55.84412091047341
2364	57.43160027402502
2365	21.601564304133596
2366	44.37802443184399
2367	44.291261068352185
2368	33.631728102862915
2369	59.37372687582921
2370	55.8441209104734
2371	58.71605217203472
2372	28.995892228530682
2373	15.42818019637781
2374	15.898050790194908
2375	6.864252312780417
2376	30.847549648316715
2377	19.031353016583175
2378	30.323087039241184
2379	5.84771258031599
2380	5.087477093228979
2381	5.087477093229028
2382	6.203809873021129
2383	7.684815415177156
2384	5.087607665695252
2385	6.977634430421817
2386	2.9203079408104395
2387	5.79754257028666
2388	5.797542570286654
2389	5.408772716323027
2390	11.79879713318324
2391	5.797731003731403
2392	11.724165892676655
2393	0.37181279585634824
2394	40.691383070830845
2395	40.69138307083087
2396	21.06876532514999
2397	57.66341806363879
2398	56.071816692682056
2399	57.24494672482261
2400	19.249589580987077
2401	40.793254748101255
2402	40.79325474810128
2403	30.005738933970697
2404	57.76675772811075
2405	56.0718166926821
2406	58.580732460687166
2407	26.199233436546326
2408	0.6621524814142884
2409	0.662152481414288
2410	5.138883467575467
2411	0.8837384304538322
2412	0.7185324940723892
2413	0.8190911461533703
2414	0.3393659972777088
2415	0.7185324940726278
2416	0.7185324940722473
2417	14.419408508676499
2418	0.883738430453493
2419	0.7185324940722677
2420	0.8190911461538408
2421	0.7185324940722732
2422	0.8190911461533942
2423	0.81909114615351
2424	18.96165595168701
2425	0.883738430453441
2426	0.8190911461535114
2427	0.8190911461536537
2428	0.8190911461536537
2429	0.6622064143773164
2430	0.6622064143773073
2431	0.9862677989284864
2432	0.8837639184031412
2433	0.7185785782358407
2434	0.81913224068192
2435	0.4396897942146406
2436	7.963642768172742
2437	8.945653442255587
2438	6.339665079046049
2439	17.56635612916687
2440	13.0643408556817
2441	17.146603851864477
2442	2.8456829691224885
2443	0.6621524814143015
2444	0.6621524814142896
2445	0.9862677989283969
2446	0.8837384304535221
2447	0.718532494072556
2448	0.8190911461532749
2449	0.3393659972778557
2450	0.6621524814142891
2451	0.6621524814142957
2452	0.9862677989286996
2453	21.751487779045014
2454	0.71853249407227
2455	0.8190911461535995
2456	0.3393659972779943
2457	2.298570133327605
2458	2.3996093630533473
2459	4.832187383006153
2460	23.87862553691693
2461	8.222411042952288
2462	14.111056064153614
2463	0.3527651890140007
2464	5.584823754041698
2465	6.852844491785619
2466	5.1241165445612324
2467	19.814822781905832
2468	8.615959922947956
2469	12.193357021658072
2470	0.3633623684193497
2471	15.888494396951067
2472	16.22261664948817
2473	7.522197378711442
2474	22.276598041432628
2475	16.86658186016821
2476	22.2736838929921
2477	4.996439686976105
2478	4.4482866896662046
2479	4.448286689666096
2480	4.6626882377297445
2481	17.039707171285762
2482	12.589352138146307
2483	16.9473117027975
2484	0.3393659972777496
2485	15.888494396951106
2486	16.222616649488092
2487	12.968413484665415
2488	22.276598041432692
2489	16.86658186016821
2490	22.273683892992015
2491	8.326892421218881
2492	15.888494396951222
2493	16.22261664948808
2494	12.968413484665376
2495	22.276598041432848
2496	16.86658186016829
2497	22.273683892993255
2498	8.326892421218835
2499	20.676563121016873
2500	20.67656312101698
2501	13.127475389330904
2502	28.086854529621558
2503	26.44117822996078
2504	28.083125540369803
2505	8.475897868231877
2506	20.67656312101693
2507	20.676563121016873
2508	7.5825466986280174
2509	28.086854529621313
2510	26.4411782299606
2511	28.083125540369764
2512	6.471724672362692
2513	12.250245003810795
2514	12.250245003810718
2515	9.11498647566879
2516	21.697231465089267
2517	14.328829692600182
2518	21.694466917599804
2519	6.5647264663228375
2520	0.6621524814142911
2521	0.6621524814142917
2522	0.9862677989283997
2523	0.8837384304534888
2524	0.7185324940722635
2525	0.8190911461535061
2526	0.3393659972776776
2527	36.08095255357904
2528	30.091866485937185
2529	17.228542993499527
2530	44.105157405707985
2531	45.40350519088494
2532	43.27707825971717
2533	15.308779047315053
2534	0.9862677989278515
2535	0.9862677989279602
2536	0.9862677989279602
2537	43.23512548969385
2538	45.30680178516514
2539	41.81102380700345
2540	0.9862677989281122
2541	0.9862677989284105
2542	0.9862677989283328
2543	0.9862677989297873
2544	44.052806713749035
2545	46.80216979248716
2546	43.227474378708514
2547	0.9862677989283941
2548	0.9862677989285586
2549	0.9862677989276647
2550	0.9862677989276647
2551	44.05280671374885
2552	46.69219894534686
2553	43.227474378708635
2554	0.9862677989283924
2555	0.9862677989285475
2556	0.9862677989276246
2557	0.9862677989276246
2558	43.296674978446184
2559	45.496263126640734
2560	42.318128880987665
2561	0.9862677989285162
2562	0.9862677989281547
2563	0.9862677989283916
2564	0.9862677989283916
2565	53.3961316109687
2566	53.38984953533731
2567	53.3898495353374
2568	0.9862677989283966
2569	0.6621524814143286
2570	0.6621524814142996
2571	0.9862677989284735
2572	0.8837384304534914
2573	0.7185324940722672
2574	0.81909114615351
2575	0.33936599727783273
2576	0.9862677989284009
2577	0.9862677989284009
2578	0.9862677989284009
2579	53.39613161096876
2580	53.38984953533738
2581	53.38984953533721
2582	0.9862677989284574
2583	5.452089796672859
2584	5.452089796672859
2585	5.5419395222218055
2586	10.28111575254958
2587	5.4522356918318176
2588	8.917913662470252
2589	1.2748162053160104
2590	41.59331659875455
2591	41.59315950093802
2592	21.451485832055557
2593	57.97837499540233
2594	55.28055694571243
2595	56.9915503369862
2596	19.724656571160352
2597	41.73744715697044
2598	41.72108685654952
2599	30.639809617762218
2600	58.77504391157908
2601	55.280556945712455
2602	57.88801320109885
2603	27.110216564882563
2604	38.24380944079688
2605	37.527709017893685
2606	15.940699797410536
2607	54.694899745287614
2608	50.41535877008151
2609	51.362820176525645
2610	14.59394851765732
2611	36.802333894990284
2612	36.802333894990234
2613	14.170724503458185
2614	50.762262140501804
2615	40.804269754776506
2616	45.262158450608005
2617	13.822693401339732
2618	36.326599342550715
2619	35.92460617665812
2620	14.669542631017315
2621	54.63115975093492
2622	49.20888181472208
2623	51.03149378304128
2624	12.903035322395374
2625	4.931338994642617
2626	4.931338994642187
2627	4.931338994642187
2628	49.122473949813326
2629	50.08284841832126
2630	49.44279533005931
2631	4.931338994641932
2632	8.687366757807
2633	8.687366757807002
2634	7.706856583226715
2635	17.773622816441076
2636	11.00239322744329
2637	17.77117449573074
2638	4.515926862813748
2639	45.898091122186074
2640	45.71110676076299
2641	25.54539902070027
2642	57.53655846588429
2643	56.34081343864673
2644	56.94971289068531
2645	23.818890739878142
2646	44.588320965829276
2647	44.58832096582895
2648	23.051525906803146
2649	54.718003320260294
2650	50.06278960285959
2651	54.285467107820594
2652	22.539996985284354
2653	43.60766805794752
2654	43.52309251407559
2655	23.25480836807586
2656	57.46177362023255
2657	55.025488382839185
2658	56.64765414451101
2659	21.26432511953884
2660	4.931338994642062
2661	4.9313389946411075
2662	4.931338994641902
2663	54.518482212390865
2664	54.51208334367208
2665	54.51208334367212
2666	4.931338994641836
2667	3.0567474593079167
2668	3.056747459307966
2669	5.252076340208855
2670	20.67789269351301
2671	14.195755407078762
2672	21.326218776653555
2673	0.3966664023068691
2674	16.986933216879045
2675	17.571215253543663
2676	6.163205687285556
2677	27.00676201774217
2678	18.866275739679576
2679	24.42819180268694
2680	3.362180981804898
2681	9.168142589995758
2682	9.168142589995751
2683	5.879943413473164
2684	22.42925259806655
2685	12.914865516451355
2686	21.768242930080497
2687	2.9524817263463494
2688	14.949273878685485
2689	15.111956967841811
2690	7.831408834631707
2691	33.32367725625304
2692	17.897409238100025
2693	31.347756387364782
2694	7.831408834631674
2695	14.94927387868541
2696	15.111956967841824
2697	7.8314088346317074
2698	33.323677256253205
2699	17.8974092381
2700	31.347756387364694
2701	7.8314088346318345
2702	30.959458148866673
2703	30.95945814886673
2704	15.494782207223713
2705	37.695810169428405
2706	36.78990671640136
2707	39.492549709218025
2708	12.717778508869527
2709	30.959458148866684
2710	30.959458148866588
2711	21.1088909488815
2712	37.69581016942886
2713	36.789906716401426
2714	39.49254970921777
2715	17.66225723618063
2716	30.959458148866588
2717	30.9594581488667
2718	21.10889094888155
2719	37.69581016942848
2720	36.78990671640123
2721	39.492549709217826
2722	17.662257236180636
2723	29.033612128505904
2724	29.03361212850597
2725	18.463669588823418
2726	38.85707575045623
2727	36.88584765089232
2728	40.823808915930215
2729	14.568546804242976
2730	31.74790937465369
2731	31.747909374653684
2732	22.160337618915307
2733	40.036777936666105
2734	36.885847650892394
2735	40.823808915930165
2736	19.969511916490326
2737	4.991399694954794
2738	4.991399694954796
2739	5.394118259380634
2740	8.916050396282595
2741	4.991547584372216
2742	7.646511808085034
2743	0.405392058343088
2744	46.0350587821167
2745	45.743941504046695
2746	35.4774689576541
2747	58.47310344968674
2748	56.34081343864675
2749	58.42584295383966
2750	30.031162004194922
2751	3.29231067832129
2752	3.292310678321221
2753	5.281210374034105
2754	17.87552598738477
2755	10.670147279057392
2756	17.324949319562382
2757	0.3966664023067844
2758	15.955817145857399
2759	15.95581714585738
2760	7.343965600518989
2761	22.363595796209776
2762	17.901430641566414
2763	22.360794575351825
2764	3.498231842208858
2765	15.955817145857411
2766	15.955817145857411
2767	7.343965600518869
2768	22.366808071038644
2769	17.901430641566392
2770	22.364006045446796
2771	3.498231842208889
2772	15.460446338063091
2773	15.61180634901638
2774	7.706856583226475
2775	24.596346701100295
2776	16.51147445152527
2777	23.858728494820465
2778	5.069577103496095
2779	5.096437838533093
2780	5.099850931250557
2781	6.404605586727791
2782	6.098562931135122
2783	5.09997211231624
2784	5.76560374668699
2785	3.9975002499434957
2786	45.89809112218609
2787	45.71110676076303
2788	25.54539902070026
2789	57.53655846588428
2790	56.34081343864671
2791	56.94971289068535
2792	23.81889073987803
2793	23.84898355195262
2794	23.848983551952706
2795	13.5242226283666
2796	38.559852808365825
2797	30.04499705923319
2798	40.42794365029714
2799	10.883136234268116
2800	7.250960574786256
2801	8.232695668172802
2802	7.048091862209415
2803	18.671799737313567
2804	11.668724105272558
2805	17.838784271221627
2806	3.4342240278130776
2807	12.951073415061924
2808	15.224529404069017
2809	6.731404548182071
2810	19.259520523164717
2811	12.54898315351552
2812	19.25679298513694
2813	4.636339459254829
2814	16.033567424020795
2815	17.12674032527118
2816	10.404412324811217
2817	24.044756813674553
2818	17.12680953514687
2819	23.39442974133006
2820	8.733760096288814
2821	8.04843252763275
2822	8.38598576385234
2823	5.723240836580414
2824	15.1820415560069
2825	10.03880673502238
2826	15.179915167270167
2827	2.343084854315778
2828	29.033612128505954
2829	29.033612128505975
2830	18.463669588823247
2831	37.69581016942843
2832	35.29230589857337
2833	39.49254970921777
2834	14.568546804242942
2835	44.58832096582906
2836	44.588320965829375
2837	23.051525906803583
2838	54.71800332026026
2839	50.062789602859645
2840	54.28546710782055
2841	22.53999698528466
2842	1.6524093054203286
2843	1.6524093054203113
2844	6.140710626196267
2845	1.6525745925840003
2846	1.6524875952182156
2847	1.6524875952182652
2848	1.6523832104694012
2849	1.61458587354306
2850	1.6145858735430318
2851	5.9332460964747895
2852	1.6147436801441832
2853	1.614660620193217
2854	1.6146606201932172
2855	1.5784314290321086
2856	5.798676836710044
2857	5.798676836710056
2858	5.382710747722648
2859	11.674605135948216
2860	8.977667794412127
2861	11.67306663735126
2862	0.39985249841972326
2863	5.846135671488128
2864	5.846135671488134
2865	5.413276405546677
2866	11.76978623384999
2867	9.048233524113417
2868	11.768222548428955
2869	0.4027936907828649
2870	44.728601246355666
2871	44.72860124635562
2872	34.348600538678866
2873	54.71800332026039
2874	52.39864442640479
2875	54.7115575327708
2876	30.47002368515464
2877	43.858058408109855
2878	43.85805840810992
2879	34.069470294920166
2880	59.1788451746503
2881	57.647319623969175
2882	59.928724547965395
2883	30.31071487366958
2884	43.724859876796074
2885	43.724859876796366
2886	22.26733217938948
2887	58.390888352067115
2888	57.64731962396902
2889	58.66844194306819
2890	22.267332179389502
2891	34.61591726520655
2892	34.61591726520646
2893	15.975503712424532
2894	55.722217415825824
2895	37.95003116143257
2896	52.42861588707395
2897	15.64873679936717
2898	38.916676182664894
2899	38.9166761826649
2900	30.311995892349042
